[[-49. -48.   8.]
 [-47.  44.  36.]
 [-36.  46.   6.]
 [ 29.  49.   9.]
 [ 43.  27.  27.]
 [ 48.   0.  13.]
 [ 48. -22.  20.]
 [ 29. -50.  31.]]
[[-45. -43.  28.]
 [-45. -30.   4.]
 [-44.  42.  18.]
 [-20.  44.  10.]
 [ 20.  46.   1.]
 [ 42.   2.  11.]
 [ 36. -26.  47.]
 [  5. -46.  37.]]
[[-30. -30.  25.]
 [-43.  20.  26.]
 [-40.  37.  12.]
 [  0.  44.  15.]
 [ 27.  25.  21.]
 [ 34.  -2.  46.]
 [ 28. -30.  14.]
 [ 18. -33.  29.]
 [-21. -43.  17.]]
[[-34.   0.  41.]
 [-41.  21.   2.]
 [-35.  31.   5.]
 [-19.  33.   7.]
 [ 26.  18.  44.]
 [ 30.   4.  42.]
 [ 32. -11.  30.]
 [-17. -34.  49.]]
[[-19.  -4.  16.]
 [-33.   4.  45.]
 [-35.  27.  19.]
 [-14.  30.  23.]
 [ 24.  18.  48.]
 [  2. -12.  24.]]
[[-26.   3.   3.]
 [-30.  21.  22.]
 [-26.  26.  43.]
 [  8.  23.  38.]
 [ -1.  -4.  50.]]
[[-20.  12.  33.]
 [  3.  16.  32.]
 [ -3.   4.  39.]
 [-11.   0.  34.]]
[[-11.  13.  35.]
 [ -8.   9.  40.]]
