[[ 48.   0.  13.]
 [-49. -48.   8.]
 [-47.  44.  36.]
 [ 29.  49.   9.]
 [ 43.  27.  27.]
 [-36.  46.   6.]
 [ 29. -50.  31.]
 [ 48. -22.  20.]]
[[ 42.   2.  11.]
 [-45. -43.  28.]
 [-44.  42.  18.]
 [ 20.  46.   1.]
 [-20.  44.  10.]
 [-45. -30.   4.]
 [  5. -46.  37.]
 [ 36. -26.  47.]]
[[ 34.  -2.  46.]
 [-43.  20.  26.]
 [  0.  44.  15.]
 [ 27.  25.  21.]
 [-40.  37.  12.]
 [-21. -43.  17.]
 [-30. -30.  25.]
 [ 28. -30.  14.]
 [ 18. -33.  29.]]
[[ 32. -11.  30.]
 [-41.  21.   2.]
 [ 26.  18.  44.]
 [ 30.   4.  42.]
 [-19.  33.   7.]
 [-35.  31.   5.]
 [-17. -34.  49.]
 [-34.   0.  41.]]
[[ 24.  18.  48.]
 [-35.  27.  19.]
 [-14.  30.  23.]
 [  2. -12.  24.]
 [-33.   4.  45.]
 [-19.  -4.  16.]]
[[  8.  23.  38.]
 [-30.  21.  22.]
 [-26.  26.  43.]
 [ -1.  -4.  50.]
 [-26.   3.   3.]]
[[  3.  16.  32.]
 [-20.  12.  33.]
 [-11.   0.  34.]
 [ -3.   4.  39.]]
[[-11.  13.  35.]
 [ -8.   9.  40.]]
